0;0.36;7;91
0;0.3;1;90
0;0.29;5;89
0;0.2;2;80
0;0.15;2;79
0;0.63;6;76
0;0.25;4;75
2;2.23;4;74
0;1.73;5;73
0;0.64;4;71
0;0.39;6;68
1;1.16;5;67
2;2.14;5;65
0;0.76;9;64
0;0.28;6;60
0;1;6;59
0;1.02;9;57
0;0.64;10;56
0;1.07;11;55
0;1.06;9;54
1;1.26;6;53
0;0.21;7;50
0;0.94;4;49
0;2.48;15;47
0;2.35;11;46
2;3.28;9;45
0;1.32;7;43
2;3.95;7;42
0;0.6;8;40
4;6.28;13;39
0;0.71;12;38
0;0.43;5;37
2;2.53;12;35
1;1.29;2;34
0;1.57;9;33
2;3.96;12;32
1;5.43;10;31
12;12.36;16;30
1;1.37;12;29
0;2.94;18;28
4;6.18;10;27
8;9.82;14;26
2;3.82;15;25
1;2.45;15;24
1;2.73;13;23
0;1.17;9;22
3;7.41;18;21
4;4.93;13;20
4;10.78;19;19
4;6.27;21;18
3;6.17;21;17
5;7.09;20;16
8;10.26;14;15
3;12.11;25;15
3;11.96;23;15
5;14.74;25;15
2;12.34;24;15
4;13.36;24;15
2;12.65;28;15
7;16.69;37;15
3;12.7;30;15
2;11.89;25;15
4;12.46;30;15
1;13.03;24;15
1;11.3;24;15
2;12.66;25;15
6;12.73;28;15
10;18.59;32;14
5;15.26;24;14
7;14.22;23;14
3;13.17;25;14
7;16.58;30;14
6;15.76;28;14
5;14.77;28;14
6;15.23;28;14
4;14.44;26;14
4;13.85;25;14
3;14.14;24;14
6;14.71;27;14
7;17.35;31;14
3;15.5;26;14
5;14.55;22;14
5;15.29;26;14
5;15.57;31;14
2;14.74;25;14
3;16.03;27;14
7;16.29;33;14
6;14.59;25;14
3;14.84;32;14
4;15.53;27;14
6;16.3;30;14
4;14.32;21;14
4;14.61;30;14
6;15.64;32;14
3;13.86;27;14
4;15.39;26;14
4;12.75;28;14
8;16.04;28;14
5;14.18;29;14
3;14.44;32;14
6;15.17;30;14
4;14.66;27;14
3;15.37;28;14
5;15.15;27;14
6;14.61;28;14
4;15.93;29;14
5;14.85;27;14
4;15.03;28;14
7;15.47;29;14
5;14;25;14
3;15.17;25;14
7;17.45;32;14
6;15.32;28;14
6;13.64;26;14
4;13.84;26;14
5;13.71;25;14
6;17.75;33;14
5;14.29;25;14
6;13.95;25;14
5;15.12;30;14
5;13.9;25;14
8;15.22;29;14
2;16.26;29;14
5;13.75;23;14
6;15.81;34;14
7;14.99;31;14
7;15;28;14
4;14.38;29;14
5;16.41;27;14
6;14.95;24;14
4;15.98;28;14
4;14.61;25;14
7;15.2;25;14
4;16.33;27;14
4;12.53;25;14
4;16;30;14
6;15.1;29;14
6;16.42;29;14
4;15.14;25;14
6;14.85;32;14
5;17.88;30;14
6;14.9;27;14
5;15.02;26;14
6;15.79;27;14
4;16.96;26;14
8;17.21;34;14
3;14.61;27;14
4;15.34;29;14
6;15.86;27;14
12;16.96;31;13
8;17.11;32;13
10;17.67;28;13
7;16.88;31;13
7;15.97;29;13
6;16.94;28;13
9;18.35;34;13
8;17.33;33;13
8;16.63;31;13
5;16.85;29;13
7;17.8;34;13
8;17.61;32;13
7;16.87;29;13
6;16.06;32;13
8;19.38;37;13
5;15.39;33;13
4;16.89;27;13
6;16.29;29;13
7;19.39;31;13
8;17.09;27;13
9;17.67;31;13
10;18.45;34;13
7;19.23;34;13
8;17.84;37;13
7;19.15;33;13
7;15.93;33;13
8;17.42;30;13
6;18.18;34;13
6;16.15;30;13
10;21.17;32;13
6;17.01;32;13
9;19.18;36;13
6;15.67;34;13
9;19.56;43;13
6;15.94;33;13
8;17.67;29;13
5;16.09;28;13
7;18.12;29;13
8;17.87;33;13
7;18.39;33;13
8;19.21;38;13
4;17.22;30;13
7;16.97;27;13
6;17.13;37;13
7;17.09;31;13
8;17.07;30;13
6;16.26;27;13
7;19.08;32;13
7;17.37;26;13
10;17.2;30;13
7;16.62;29;13
4;17.9;28;13
10;19.96;42;13
8;16.61;31;13
6;15.93;30;13
8;16.3;35;13
8;17.18;32;13
8;16.4;30;13
2;16.7;34;13
5;16.96;28;13
7;18.73;34;13
3;16.23;31;13
9;16.47;32;13
7;18;32;13
6;16.39;33;13
7;17.73;35;13
8;16.23;29;13
7;17.78;34;13
4;15.51;26;13
7;17.23;31;13
7;17.44;31;13
8;17.74;30;13
7;17.65;27;13
10;20.66;34;13
6;16.81;26;13
4;16.23;25;13
6;16.98;34;13
6;17.79;32;13
7;18.5;37;13
7;17.72;34;13
9;18.04;30;13
7;18.58;29;13
7;18.88;36;13
8;16.91;38;13
1;15.2;26;13
7;16.56;29;13
7;18.17;32;13
5;17.79;34;13
6;15.33;25;13
8;17.6;34;13
8;16.44;29;13
7;18.31;36;13
7;17.86;31;13
5;16.85;28;13
5;16.63;29;13
7;17.65;31;13
7;15.84;28;13
6;17.64;30;13
6;17.19;32;13
9;17.23;31;13
6;16.69;28;13
7;19;34;13
6;17.01;31;13
5;16.88;27;13
6;17.58;28;13
6;18.06;29;13
8;16.47;31;13
4;15.19;26;13
4;17.61;36;13
10;19.27;33;13
4;15.42;31;13
6;17.75;32;13
8;17.73;39;13
8;16.91;30;13
8;19.54;37;13
7;16.47;38;13
8;18.29;36;13
7;18.27;30;13
10;17.81;30;13
8;17.04;31;13
9;18.01;31;13
8;16.81;27;13
8;19.3;33;13
9;17.91;39;13
6;15.29;28;13
7;15.82;33;13
7;16.99;32;13
5;16.04;28;13
7;17.66;30;13
5;16.43;31;13
6;16.98;33;13
8;17.13;31;13
8;20;37;13
8;17.35;29;13
5;16.8;32;13
11;18.82;40;13
7;16.81;30;13
7;17.31;32;13
6;15.66;29;13
10;19.32;36;13
6;15.44;27;13
6;15.27;25;13
8;18.22;36;13
7;16.42;31;13
6;17.86;31;13
6;16.1;28;13
6;16.16;27;13
7;18.71;30;13
8;17.68;38;13
7;16.82;27;13
7;17.93;29;13
5;20.31;41;13
5;16.26;30;13
7;17.38;30;13
5;16.82;25;13
3;15.55;27;13
11;21.11;33;13
8;16.11;28;13
9;18.29;30;13
9;19.27;32;13
9;18.15;31;13
6;15.65;32;13
8;19.88;35;13
5;18.14;29;13
7;17.3;27;13
5;17.67;38;13
6;17.88;28;13
6;19.79;36;13
8;17.78;30;13
9;18.18;29;13
8;17.79;34;13
7;17.87;29;13
8;17.36;31;13
10;18.15;30;13
9;18.55;30;13
7;17.99;33;13
6;15.7;26;13
8;19.66;31;13
7;17.07;33;13
5;17.73;33;13
6;15.85;29;13
11;17.21;29;13
5;17.04;26;13
10;19.76;33;13
6;16.51;28;13
6;18.35;31;13
8;18.38;38;13
8;18.74;34;13
10;17.3;29;13
9;18.59;34;13
7;19.19;39;13
5;16.78;27;13
7;16.94;31;13
6;15.13;30;13
6;17.01;31;13
5;16.98;33;13
7;17.4;29;13
11;18.16;35;13
6;19.34;33;13
7;19.25;35;13
5;17.61;35;13
6;17.4;34;13
7;16.67;37;13
7;18.45;31;13
7;16.81;32;13
4;17.24;27;13
5;17.04;30;13
9;18.23;35;13
5;16.41;32;13
10;18.28;33;13
6;17.5;28;13
10;17.44;39;13
7;17.32;31;13
6;18.02;33;13
5;18.55;35;13
6;16.66;30;13
7;17.05;34;13
5;15.09;27;13
8;17.49;30;13
10;19.67;31;13
7;18.08;33;13
6;16.77;29;13
6;16.56;29;13
6;16.63;27;13
8;18.78;29;13
3;19.98;36;13
5;16.76;30;13
7;18.37;31;13
7;17.37;28;13
10;18.45;31;13
3;17.36;30;13
6;16.94;30;13
4;16.81;34;13
7;18.76;34;13
6;16.73;27;13
6;18.1;34;13
4;16.15;28;13
7;17.68;29;13
5;15.8;36;13
5;15.79;27;13
4;17.8;32;13
7;18.83;37;13
7;18.11;32;13
6;17.29;28;13
7;17.72;30;13
9;17.14;32;13
9;17.16;32;13
6;16.97;30;13
5;16.68;31;13
7;15.95;30;13
8;16.19;29;13
6;16.95;30;13
7;17.07;33;13
4;16.8;35;13
9;17.94;31;13
8;17.68;31;13
6;18.93;31;13
7;17.53;29;13
5;15.89;29;13
4;17.54;29;13
5;16.67;29;13
9;18.45;32;13
5;16.1;35;13
5;16.13;30;13
6;17.4;31;13
5;17.8;34;13
5;16.78;31;13
6;16.35;27;13
11;18.37;39;13
8;17.38;28;13
7;18.18;28;13
7;17.38;37;13
5;17.63;33;13
7;17.68;32;13
8;17.75;30;13
5;16.52;26;13
9;18.64;31;13
6;17.36;29;13
8;18.06;30;13
9;16.86;29;13
11;18.75;34;13
6;17.56;35;13
6;17.66;29;13
8;18.76;29;13
8;17.35;39;13
6;18.27;48;13
6;16.8;26;13
9;17.42;35;13
4;17.09;33;13
8;18.96;35;13
7;17.74;41;13
5;17.44;30;13
10;18.04;36;13
8;16.4;30;13
7;16.67;28;13
7;17.21;34;13
8;16.59;31;13
10;18.23;29;13
8;17.53;30;13
9;18;29;13
9;17.82;27;13
7;17.45;33;13
8;18.31;27;13
7;16.74;29;13
8;18.25;29;13
8;17.11;39;13
4;16.75;28;13
7;16.94;37;13
8;18.37;32;13
6;17.98;33;13
5;17.47;34;13
6;16.06;28;13
10;17.5;30;13
7;16.65;29;13
5;17.93;30;13
7;16.8;30;13
5;16.1;29;13
8;17.98;36;13
7;19.04;34;13
7;18.13;35;13
6;17.31;27;13
7;15.97;30;13
8;17.73;27;13
7;16.12;24;13
7;16.49;28;13
9;17.55;26;13
5;15.55;26;13
3;18.37;31;13
9;17.64;30;13
7;17.01;31;13
8;18.78;32;13
6;16.9;33;13
6;17.66;29;13
4;16.92;26;13
9;17.65;35;13
4;17.09;29;13
5;17.21;36;13
7;17.82;27;13
5;15.96;31;13
8;17.16;32;13
7;16.36;33;13
10;18.69;29;13
6;17.36;31;13
6;15.89;30;13
7;16.82;29;13
6;16.04;31;13
8;16.84;46;13
9;18.1;30;13
8;18.84;33;13
8;15.95;36;13
8;16.76;35;13
8;18.45;35;13
6;16.95;30;13
8;18;31;13
9;17.08;29;13
7;16.95;32;13
8;17.07;33;13
7;17.28;27;13
5;15.92;33;13
8;18.04;31;13
8;19.09;31;13
8;17.18;34;13
8;18.61;35;13
8;18.23;31;13
5;15.49;33;13
5;16.53;32;13
7;15.92;27;13
7;17.79;35;13
8;17.68;37;13
8;17.39;34;13
4;16.45;26;13
10;18.59;32;13
5;17.14;32;13
7;17.37;31;13
5;17.49;31;13
6;15.96;34;13
5;17.25;29;13
6;16.15;35;13
6;18.39;37;13
8;18.98;31;13
8;18.11;34;13
5;18.72;29;13
5;18.06;31;13
7;18.31;38;13
7;17.41;30;13
8;18.03;49;13
6;17.75;30;13
5;15.87;32;13
9;18.25;30;13
6;16.73;28;13
6;17.29;31;13
8;16.4;32;13
6;16.56;28;13
8;17.33;29;13
7;16.5;31;13
9;18.43;33;13
7;18;31;13
6;17.11;35;13
7;16.5;32;13
5;17.91;34;13
5;17.82;40;13
6;15.29;31;13
8;16.35;38;13
9;18.8;32;13
7;18.84;33;13
8;17.58;38;13
8;16.72;32;13
5;17.25;36;13
5;18.23;35;13
8;18.21;31;13
7;16.79;27;13
4;18.75;36;13
6;17.1;31;13
6;16.63;31;13
5;16.16;28;13
11;18.41;27;13
4;18.2;37;13
8;17.37;31;13
6;17.69;31;13
7;16.33;25;13
6;16.21;28;13
6;16.4;31;13
7;17.5;31;13
7;16.97;32;13
8;19.61;37;13
7;16.36;26;13
4;18.26;33;13
7;18.84;37;13
8;17.3;30;13
5;15.8;27;13
5;19.44;35;13
7;17.06;30;13
7;16.79;31;13
5;17.14;31;13
5;17.32;30;13
6;16.74;29;13
6;16.91;33;13
4;16.73;28;13
5;17.16;31;13
8;17.07;33;13
5;16.58;28;13
7;16.61;31;13
7;18.16;32;13
6;16.86;33;13
5;17.35;31;13
8;17.86;30;13
4;17.11;28;13
8;19.16;30;13
5;16.16;33;13
6;18.08;30;13
6;17.1;30;13
9;16.23;29;13
6;15.76;29;13
8;16.29;29;13
7;17.61;31;13
8;17.65;28;13
6;18.09;32;13
9;16.84;30;13
6;17.98;35;13
7;17.84;31;13
6;17.76;37;13
7;17.18;34;13
7;17.96;30;13
8;17.68;32;13
9;18.2;31;13
8;17.71;39;13
8;18.35;33;13
8;18.9;34;13
7;16.99;32;13
4;16.48;30;13
6;16.82;27;13
6;16.2;26;13
7;17.21;29;13
7;17.54;29;13
8;18.0